0.4
0.12
0.132
0.193
0.153
0.211
0.368
0.114
0.242
0.273
0.147
0.28
0.195
0.262
0.378
0.155
0.275
0.141
0.145
0.244
0.52
0.222
0.104
0.165
0.585
0.967
0.741
0.292
0.167
0.257
0.115
0.335
0.241
0.565
0.272
0.165
0.311
0.17
0.27
0.18
0.512
0.124
0.301
0.179
0.258
0.262
0.157
0.128
0.412
0.264
0.317
0.168
0.087
0.218
0.133
0.285
0.158
0.135
0.236
0.152
0.63
0.382
0.135
0.166
0.159
0.352
0.405
0.239
0.337
0.193
0.148
1.136
0.947
0.725
0.428
0.142
0.255
0.197
0.368
0.263
0.212
0.33
0.254
0.43
0.341
0.248
0.165
0.2
0.203
0.521
0.236
0.523
0.249
0.296
0.213
0.727
0.172
0.238
0.338
0.243
0.112
0.388
0.175
0.208
0.23
0.259
0.182
0.407
0.314
0.538
0.114
0.649
0.321
0.29
0.406
0.162
0.355
0.23
0.541
0.356
0.165
0.254
0.098
0.128
0.293
0.315
0.191
0.123
0.338
0.458
0.197
0.611
0.147
0.663
0.776
0.684
0.39
2.173
1.051
0.561
0.368
0.398
0.112
0.231
0.134
0.488
0.602
0.261
0.247
0.346
0.181
0.161
0.174
0.277
0.38
0.381
0.243
0.584
0.113
0.215
0.266
0.183
0.839
0.147
0.27
0.784
0.188
0.172
0.232
0.11
0.236
0.401
0.17
0.244
0.094
0.223
0.205
0.15
0.117
0.237
0.342
0.147
0.228
0.11
0.199
0.403
0.226
0.568
0.289
0.558
0.197
0.381
0.442
0.233
0.148
0.587
0.093
0.099
0.199
0.218
0.324
0.105
0.848
0.377
0.139
0.501
0.209
0.37
0.16
0.352
0.261
0.489
0.165
0.326
0.181
0.116
0.236
0.228
1.433
0.143
0.116
0.172
0.263
0.128
0.209
0.09
0.177
0.499
0.159
0.254
0.112
0.35
0.434
0.635
0.248
0.289
0.262
0.292
0.254
0.202
0.096
0.843
0.164
0.298
0.195
0.096
0.121
0.259
0.228
0.653
0.685
0.309
0.229
0.29
0.853
0.588
0.327
0.196
0.128
0.369
0.133
0.156
0.291
0.291
0.147
0.262
0.197
0.266
0.607
0.183
0.518
0.273
0.127
0.157
0.182
0.164
0.341
0.246
0.242
0.316
0.454
0.12
0.673
0.661
0.116
0.225
0.544
0.456
0.254
0.275
0.266
0.525
0.095
0.536
0.136
0.737
0.255
0.464
0.386
0.347
0.148
0.19
0.209
0.338
0.17
0.23
0.128
0.186
0.161
0.261
0.423
0.368
0.268
0.623
0.337
0.213
0.098
0.466
0.157
0.19
0.276
0.379
0.555
0.099
0.185
0.357
0.335
0.164
0.171
0.21
0.346
0.377
0.631
0.233
0.385
0.281
0.164
0.277
0.23
0.298
0.097
0.349
0.31
0.432
0.544
0.18
0.353
0.398
0.138
0.431
0.303
0.479
0.154
0.114
0.222
0.238
0.128
0.093
0.339
0.255
0.383
0.143
0.253
0.332
0.347
0.25
0.184
0.23
0.331
0.204
0.124
0.375
0.315
0.801
0.162
0.508
0.267
0.214
0.11
0.39
0.22
0.732
0.505
0.185
0.226
0.294
0.182
0.254
0.252
0.255
0.654
0.388
0.221
0.152
0.576
0.479
0.452
0.18
0.117
0.372
0.264
0.976
0.702
0.503
0.265
0.322
0.407
0.157
0.248
0.347
0.19
0.637
0.116
0.37
0.727
0.707
0.116
0.185
0.206
0.142
0.809
0.083
0.431
0.094
0.083
0.133
0.204
0.354
0.633
0.296
0.362
0.094
0.194
0.159
0.14
0.372
0.153
0.167
0.255
0.407
0.242
0.314
0.151
0.174
0.299
0.147
0.165
0.536
0.503
0.172
0.178
0.226
0.413
0.159
0.312
0.257
0.168
0.167
0.376
0.513
0.148
0.104
0.178
0.145
0.327
0.191
0.163
0.222
0.183
0.187
0.19
0.107
0.169
0.448
0.197
0.234
0.47
0.26
0.26
0.157
0.106
0.423
0.309
0.254
0.45
0.28
0.165
0.246
0.222
0.317
0.12
0.406
0.297
0.144
0.402
0.213
0.13
0.142
0.254
0.392
0.143
0.147
0.203
0.101
0.128
0.248
0.392
0.26
0.208
0.124
0.312
0.181
0.24
0.245
0.253
0.103
0.193
0.159
0.137
0.183
0.234
0.194
0.201
0.282
0.3
0.121
0.223
0.197
0.159
0.498
0.191
0.134
0.227
0.52
0.302
0.432
0.141
0.381
0.438
0.106
0.455
0.116
0.476
0.182
0.113
0.295
0.452
0.295
0.31
0.456
0.303
0.111
0.102
0.12
0.246
0.13
0.27
0.435
0.325
0.27
0.146
0.276
0.2
0.212
0.154
0.289
0.164
0.53
0.31
0.455
0.21
0.158
0.222
0.106
0.166
0.643
0.232
0.175
0.261
0.423
0.324
0.219
0.124
0.296
0.26
0.245
0.138
0.243
0.459
0.178
0.426
0.199
0.259
0.456
0.108
0.488
0.317
0.811
0.36
0.235
0.184
0.389
0.43
0.325
0.248
0.107
0.189
0.213
0.098
0.257
0.387
0.288
0.351
0.213
0.241
0.571
0.241
0.126
0.424
0.431
0.863
0.214
0.565
0.427
0.163
0.578
0.442
0.101
0.328
0.331
0.205
0.707
0.127
0.178
0.676
0.667
0.737
0.325
0.188
0.168
0.122
0.668
0.32
0.26
0.348
0.798
0.077
0.339
0.55
0.38
0.246
0.11
0.44
0.118
0.397
0.208
0.439
0.219
0.937
0.238
0.24
0.347
0.307
0.282
0.101
0.167
0.319
0.159
0.139
0.407
0.174
0.426
0.369
0.165
0.289
0.17
0.141
0.126
0.272
0.33
0.21
0.315
0.309
0.28
0.308
0.289
0.198
0.156
0.151
0.102
0.115
0.144
0.426
0.449
0.153
0.238
0.155
0.142
0.286
0.76
0.1
0.401
0.25
0.168
0.075
0.195
0.128
0.161
0.281
0.338
0.409
0.527
0.193
0.151
0.284
0.286
0.21
0.185
0.13
0.111
0.089
0.154
0.096
1.151
0.126
0.134
0.338
0.241
0.207
0.167
0.157
0.466
0.407
0.265
0.365
0.129
0.116
0.087
0.368
0.526
0.119
0.7
0.113
0.185
0.255
0.242
0.35
0.379
0.336
0.2
0.142
0.694
0.101
0.67
0.157
0.771
0.115
0.283
0.357
0.58
0.335
0.889
0.211
0.376
0.125
0.179
0.098
0.479
0.091
0.129
0.168
0.093
0.32
0.115
0.149
0.393
0.704
0.458
0.25
0.17
0.235
0.306
0.196
0.664
0.135
1.436
0.127
0.259
0.24
0.234
0.255
0.179
0.176
0.572
0.346
0.293
0.121
0.168
0.125
0.248
0.235
0.217
0.259
0.319
0.106
0.222
0.597
0.458
0.332
0.35
0.152
0.127
0.228
0.12
0.208
0.11
0.188
0.217
0.178
0.145
0.131
0.166
0.929
0.161
0.354
0.172
0.132
0.308
0.104
0.256
0.816
0.353
0.399
0.395
0.086
0.313
0.142
0.635
0.164
0.709
0.162
0.129
0.282
0.184
0.751
0.309
0.196
0.168
0.21
0.142
0.244
0.109
0.43
0.618
0.415
0.24
0.248
0.162
0.467
0.425
0.424
0.107
0.289
0.165
0.154
0.158
0.094
0.278
0.419
0.134
0.209
0.705
0.108
0.125
0.191
0.152
0.676
0.351
0.347
0.247
0.196
0.189
0.512
0.165
0.249
0.12
0.164
0.645
0.214
0.133
0.42
0.607
0.103
0.155
0.222
0.443
0.139
0.993
0.08
0.24
0.181
0.189
0.129
0.091
0.183
0.307
0.291
0.217
0.141
0.114
0.242
0.138
0.277
0.429
0.26
0.251
0.156
0.34
0.099
0.163
0.222
0.465
0.187
0.286
0.316
0.142
0.219
0.38
0.163
0.139
0.234
0.286
0.278
0.099
0.747
0.22
0.169
0.121
0.22
0.341
0.185
0.115
0.489
0.134
0.291
0.338
0.161
0.138
0.104
0.245
0.857
0.169
0.156
0.208
0.299
0.195
0.232
0.467
0.172
0.345
0.108
0.559
0.123
0.462
0.177
0.12
0.354
0.239
0.643
0.104
0.561
0.12
0.093
0.101
0.173
0.695
0.306
0.249
0.194
0.398
0.334
0.123
0.235
0.174
0.343
0.235
0.142
0.194
0.245
0.096
0.119
0.181
0.141
0.961
0.142
0.131
0.465
0.157
0.076
0.236
